1
1
1
3
1
1
1
1
1
1
2
6
1
1
1
1
1
2
1
1
1
1
8
1
1
1
1
1
1
1
4
1
3
2
1
1
1
1
6
1
1
1
9
1
1
1
24
1
1
1
1
8
2
1
1
1
1
1
1
1
1
1
1
1
1
1
1
1
1
1
1
1
3
1
1
1
1
1
2
8
4
1
1
2
2
1
1
1
12
1
1
1
1
8
1
30
6
4
8
4
3
1
1
1
1
2
1
1
1
1
1
1
1
1
6
1
1
1
1
1
1
1
1
1
4
5
4
4
2
4
5
1
1
1
1
2
1
1
1
1
1
1
1
1
1
1
1
1
1
1
6
1
1
1
1
1
1
1
2
1
8
2
1
1
1
1
1
2
1
2
1
2
1
1
1
1
1
1
2
1
1
1
2
8
1
1
1
1
8
1
1
2
1
2
89
81
1
1
3
3
5
4
2
1
1
1
1
1
2
4
1
1
1
1
1
1
1
2
1
1
5
12
5
12
1
1
1
1
1
2
3
1
1
1
1
1
1
1
1
1
1
1
1
5
1
6
1
1
1
2
2
2
1
1
1
2
2
2
1
2
1
1
3
3
1
1
1
1
1
2
2
3
2
4
1
1
1
2
2
2
1
7
4
1
4
1
2
1
1
2
1
2
4
2
1
1
1
1
1
1
1
48
1
1
1
1
1
2
1
2
1
1
1
1
1
1
1
1
1
1
1
1
1
1
1
1
2
1
1
2
1
1
37
2
1
1
1
2
1
1
1
1
10
1
3
1
2
1
1
1
1
4
1
1
1
1
1
1
2
1
2
2
11
2
5
18
1
2
2
2
1
1
1
3
1
1
1

File '1000_ips_sorted.txt' has 1000 inputs and the addition of frequencies is 1000